Level 1:
Hole-in-1: (0.05, 5), (0.2, 5), (0.2, 30), (0.2, 175), (0.5, 5), (0.5, 120), (0.5, 150), 
(0.5, 175), (0.75, 5), (0.75, 175)
Level 2: 
Hole-in-1: (0.5, 120)
Level 3:
Hole-in-1: (0.5, 120)
Level 4:
Hole-in-1: (0.5, 120)
Level 5:
Hole-in-1: (0.5, 120)
Level 6: 
Hole-in-1: (0.05, 5), (0.05, 30), (0.05, 60), (0.05, 120), (0.05, 150), (0.05, 175), (0.2, 5), (0.2, 30), 
(0.2, 120), (0.2, 150), (0.2, 175), (0.5, 5), (0.5, 30), (0.5, 60), (0.5, 175), (0.75, 150)
Level 7:
Hole-in-2: ((0.2, 5), (0.75, 120)), ((0.5, 5), (0.75, 120)), ((0.5, 30), (0.75, 120)), ((0.5, 60), (0.75, 120)), 
((0.5, 120), (0.75, 120)), ((0.5, 150), (0.75, 120)), ((0.75, 120), (0.75, 120)), ((0.75, 150), (0.75, 120))
Level 8: 
Hole-in-1: (0.2, 5), (0.5, 5), (0.5, 120), (0.5, 150), (0.5, 175), (0.75, 5), (0.75, 175)
Level 9:
Hole-in-1: (0.2, 5), (0.5, 5), (0.5, 120), (0.5, 150), (0.5, 175), (0.75, 5), (0.75, 175)  
Level 10: 
Hole-in-2: ((0.05, 150), (0.75, 60)), ((0.05, 175), (0.75, 60)), ((0.2, 5), (0.75, 60)), ((0.2, 30), (0.75, 60)), 
((0.2, 175), (0.75, 60)), ((0.5, 30), (0.75, 60)), ((0.5, 60), (0.5, 120)), ((0.75, 30), (0.75, 60)), 
((0.75, 60), (0.05, 5)), ((0.75, 60), (0.05, 30)), ((0.75, 60), (0.05, 60)), ((0.75, 60), (0.05, 150)), 
((0.75, 60), (0.05, 175)), ((0.75, 60), (0.2, 5)), ((0.75, 60), (0.2, 30)), ((0.75, 60), (0.2, 60)), 
((0.75, 60), (0.2, 120)), ((0.75, 60), (0.2, 150)), ((0.75, 60), (0.2, 175)), ((0.75, 60), (0.5, 5)),
((0.75, 60), (0.5, 30)), ((0.75, 60), (0.5, 150)), ((0.75, 60), (0.5, 175)), ((0.75, 60), (0.75, 5)), 
((0.75, 60), (0.75, 30)), ((0.75, 60), (0.75, 150)), ((0.75, 60), (0.75, 175))
Level 11: 
Hole-in-1: (0.75, 60)
Level 12:
Hole-in-1: (0.75, 60)
Level 13: 
Hole-in-1: (0.75, 60)
Level 14: 
Hole-in-1: (0.75, 30) 
Level 15: 
Hole-in-1: (0.75, 120)
Level 16: 
Hole-in-1: (0.5, 120)
Level 17: 
Hole-in-1: (0.5, 120), (0.75, 60)
Level 18:
Hole-in-1: (0.5, 120), (0.75, 60)
Level 19: 
Hole-in-3: ((0.5, 5), (0.2, 175), (0.75, 30)), ((0.5, 30), (0.2, 175), (0.75, 30)), 
((0.5, 30), (0.5, 120), (0.75, 30)), ((0.5, 60), (0.2, 175), (0.5, 30)), ((0.5, 120), (0.2, 175), (0.75, 30)), 
((0.5, 150), (0.2, 175), (0.5, 30)), ((0.5, 150), (0.5, 30), (0.75, 150)), ((0.5, 175), (0.2, 175), (0.5, 30)), 
((0.75, 5), (0.2, 175), (0.5, 30)), ((0.75, 60), (0.2, 175), (0.5, 30)), ((0.75, 60), (0.2, 175), (0.75, 30)), 
((0.75, 120), (0.2, 175), (0.5, 30)), ((0.75, 120), (0.5, 120), (0.5, 30)), ((0.75, 175), (0.2, 175), (0.5, 30))
Level 20:  
Hole-in-3: ((0.05, 5), (0.5, 60), (0.75, 30)), ((0.05, 5), (0.75, 150), (0.5, 120)), ((0.05, 5), (0.75, 150), 
(0.75, 30)), ((0.05, 175), (0.5, 60), (0.75, 30)), ((0.2, 30), (0.5, 60), (0.5, 120)), 
((0.2, 30), (0.5, 60), (0.75, 30)), ((0.2, 30), (0.75, 60), (0.75, 30)), ((0.2, 30), (0.75, 60), (0.75, 120)), 
((0.2, 30), (0.75, 150), (0.5, 120)), ((0.2, 30), (0.75, 150), (0.75, 30)), ((0.2, 60), (0.5, 60), (0.75, 30)), 
((0.2, 60), (0.75, 60), (0.75, 30)), ((0.2, 60), (0.75, 150), (0.5, 120)), ((0.2, 60), (0.75, 150), (0.75, 30)), 
((0.2, 120), (0.5, 60), (0.75, 30)), ((0.2, 120), (0.75, 150), (0.75, 30)), ((0.2, 150), (0.5, 60), (0.75, 30)), 
((0.2, 150), (0.75, 60), (0.75, 30)), ((0.2, 150), (0.75, 150), (0.5, 120)), 
((0.2, 150), (0.75, 150), (0.75, 30)), ((0.2, 175), (0.5, 60), (0.5, 120)), ((0.2, 175), (0.5, 60), (0.75, 30)), 
((0.2, 175), (0.75, 60), (0.5, 120)), ((0.2, 175), (0.75, 60), (0.75, 30)), ((0.5, 60), (0.05, 5), (0.75, 30)), 
((0.5, 60), (0.05, 30), (0.75, 30)), ((0.5, 60), (0.05, 120), (0.75, 30)), ((0.5, 60), (0.05, 150), (0.75, 30)), 
((0.5, 60), (0.05, 175), (0.75, 30)), ((0.5, 60), (0.2, 30), (0.5, 120)), ((0.5, 60), (0.2, 30), (0.75, 30)), 
((0.5, 60), (0.2, 60), (0.75, 30)), ((0.5, 60), (0.2, 120), (0.75, 30)), ((0.5, 60), (0.2, 150), (0.75, 30)), 
((0.5, 60), (0.5, 120), (0.05, 5)), ((0.5, 60), (0.5, 120), (0.05, 30)), ((0.5, 60), (0.5, 120), (0.05, 175)), 
((0.5, 60), (0.5, 120), (0.2, 5)), ((0.5, 60), (0.5, 120), (0.2, 120)), ((0.5, 60), (0.5, 120), (0.2, 150)), 
((0.5, 60), (0.5, 120), (0.2, 175)), ((0.5, 60), (0.5, 120), (0.5, 175)), ((0.5, 60), (0.75, 150), (0.75, 30)), 
((0.75, 30), (0.5, 60), (0.75, 30)), ((0.75, 30), (0.75, 150), (0.75, 30))
Level 21: 
Hole-in-1: (0.75, 120)
Level 22: 
Hole-in-2: ((0.05, 5), (0.75, 120)), ((0.2, 5), (0.75, 150)), ((0.2, 30), (0.75, 150)), ((0.2, 60), (0.75, 120)), 
((0.2, 60), (0.75, 150)), ((0.2, 120), (0.75, 120)), ((0.2, 150), (0.75, 120)), ((0.2, 150), (0.75, 150)), 
((0.2, 175), (0.75, 150)), ((0.5, 5), (0.75, 150)), ((0.5, 60), (0.05, 150)), ((0.5, 60), (0.05, 175)), 
((0.5, 60), (0.2, 5)), ((0.5, 60), (0.2, 175)), ((0.5, 60), (0.5, 5)), ((0.5, 60), (0.5, 175)), 
((0.5, 60), (0.75, 5)), ((0.5, 60), (0.75, 175)), ((0.5, 150), (0.75, 150)), ((0.5, 175), (0.75, 150)), 
((0.75, 5), (0.75, 150)), ((0.75, 30), (0.2, 5)), ((0.75, 30), (0.2, 175)), ((0.75, 30), (0.5, 5)), 
((0.75, 30), (0.5, 175)), ((0.75, 30), (0.75, 5)), ((0.75, 30), (0.75, 175)), ((0.75, 60), (0.75, 120)), 
((0.75, 120), (0.05, 5)), ((0.75, 120), (0.05, 30)), ((0.75, 120), (0.2, 5)), ((0.75, 120), (0.2, 175)), 
((0.75, 120), (0.5, 5)), ((0.75, 120), (0.5, 175)), ((0.75, 120), (0.75, 5)), ((0.75, 150), (0.75, 120)), 
((0.75, 150), (0.75, 150)), ((0.75, 175), (0.75, 120))
Level 23: 
Hole-in-1: (0.5, 120)
Level 24: 
Hole-in-1: (0.05, 5), (0.05, 30), (0.05, 60), (0.05, 120), (0.05, 150), (0.05, 175), (0.2, 5), (0.2, 30), 
(0.2, 60), (0.2, 120), (0.2, 150), (0.2, 175), (0.5, 5), (0.5, 175), (0.75, 30), (0.75, 60), (0.75, 120), 
(0.75, 150), (0.75, 175)
Level 25: 
Hole-in-1: (0.5, 120)
----------------------------------------------------------------------------------------------------------------
TODO:
way to quantify generalizability 
animate replay episode
replay episode handling hazards
change gravity, ball, and wind with randomization
analyze what the ball should be learning on each level
shows paths for action values

